ALG 2, 4, 8, 16, 19
ARG 15
AUS 3, 9, 12, 16, 17
BEL 19
BRA 3, 5, 15, 16, 20
CAN 5, 9
CIV 7, 14, 16
CPV 11, 20
CRO 12, 20
CZE 15, 16, 18
ECU 15
EGY 4, 6, 16, 18
ENG 6, 12, 16
ESP 3, 5, 7, 19
FRA 10, 18, 19
GER 2, 8, 9, 16, 19
GHA 3, 4, 6, 11, 14, 17, 18, 19
HAI 8, 14
IRN 3, 9, 14, 17, 20
IRQ 17
JOR 16
JPN 3, 9, 16, 17
KOR 5, 9
KSA 3, 14, 15, 17
MAR 7, 8, 9, 12, 16
MEX 2, 8, 9, 12, 14, 15
NED 8, 15
NOR 17
PAR 9, 19
QAT 8, 14, 19
RSA 8, 14, 16, 19
SCO 12
SEN 17
SWE 5, 9, 16, 17
TUN 2, 6, 10, 11, 12, 19, 20
URU 9
USA 9, 14
UZB 6, 14, 15